00000368 | 10,4,9 | 2016-12-30 | 1
00000556 | 7,10,8 | 2016-12-28 | 1
00000031 | 10,15,13 | 2016-12-31 | 1
00000228 | 4,3,1 | 2016-12-28 | 1
00000498 | 8,4,12 | 2016-12-30 | 1
00000688 | 5,8,11 | 2016-12-27 | 1
00000755 | 9,10,8 | 2016-12-30 | 1
00000153 | 11,8,4 | 2016-12-26 | 1
00000884 | 13,9,12 | 2017-01-01 | 1
00000761 | 12,5,2 | 2016-12-30 | 1
00000388 | 4,12,1 | 2017-01-01 | 1
00000261 | 8,10,6 | 2016-12-29 | 1
00000003 | 2,6,3 | 2016-12-27 | 1
00000774 | 6,4,5 | 2016-12-29 | 1
00000085 | 5,12,3 | 2016-12-28 | 1
00000107 | 1,13,6 | 2016-12-31 | 1
00000103 | 4,6,13 | 2016-12-27 | 1
00000403 | 6,4,8 | 2016-12-31 | 1
00000028 | 14,9,13 | 2016-12-30 | 1
00000733 | 1,14,12 | 2016-12-26 | 1
00000637 | 6,2,4 | 2016-12-26 | 1
00000485 | 11,8,4 | 2016-12-29 | 1
00000793 | 13,7,3 | 2017-01-01 | 1
00000000 | 11,5,6 | 2016-12-28 | 1
00000432 | 5,12,10 | 2017-01-01 | 1
00000203 | 9,12,4 | 2017-01-01 | 1
00000122 | 5,8,14 | 2016-12-27 | 1
00000816 | 14,8,9 | 2016-12-26 | 1
00000787 | 9,8,1 | 2016-12-28 | 1
00000995 | 14,5,3 | 2016-12-26 | 1
00000796 | 7,10,4 | 2016-12-29 | 1
00000643 | 5,12,3 | 2016-12-27 | 1
00000690 | 13,10,2 | 2016-12-27 | 1
00000039 | 2,14,8 | 2016-12-30 | 1
00000770 | 13,2,10 | 2016-12-28 | 1
00000105 | 14,1,5 | 2016-12-30 | 1
00000659 | 1,12,13 | 2016-12-27 | 1
00000194 | 10,5,1 | 2016-12-28 | 1
00000270 | 2,7,15 | 2016-12-26 | 1
00000425 | 4,8,12 | 2016-12-29 | 1
00000747 | 11,15,10 | 2016-12-28 | 1
00000577 | 13,15,12 | 2016-12-28 | 1
00000932 | 3,6,11 | 2016-12-26 | 1
00000776 | 4,6,1 | 2016-12-26 | 1
00000349 | 14,1,15 | 2016-12-30 | 1
00000612 | 13,2,12 | 2016-12-31 | 1
00000540 | 7,13,14 | 2016-12-29 | 1
00000087 | 12,9,7 | 2016-12-27 | 1
00000437 | 14,2,12 | 2016-12-26 | 1
00000522 | 1,14,3 | 2016-12-31 | 1
00000767 | 9,11,12 | 2016-12-28 | 1
00000315 | 5,8,3 | 2016-12-31 | 1
00000112 | 7,5,10 | 2016-12-29 | 1
00000517 | 15,2,13 | 2017-01-01 | 1
00000621 | 10,12,9 | 2016-12-29 | 1
00000418 | 6,13,4 | 2016-12-30 | 1
00000135 | 11,5,4 | 2016-12-28 | 1
00000754 | 4,5,7 | 2016-12-30 | 1
00000678 | 10,15,1 | 2016-12-28 | 1
00000320 | 11,8,5 | 2016-12-27 | 1
00000704 | 10,6,14 | 2016-12-29 | 1
00000454 | 8,3,5 | 2016-12-28 | 1
00000719 | 5,9,4 | 2016-12-31 | 1
00000535 | 14,8,10 | 2016-12-29 | 1
00000348 | 12,8,9 | 2016-12-30 | 1
00000466 | 5,14,15 | 2016-12-28 | 1
00000089 | 4,8,3 | 2016-12-31 | 1
00000029 | 13,7,15 | 2017-01-01 | 1
00000229 | 10,7,1 | 2016-12-26 | 1
00000671 | 11,13,5 | 2016-12-30 | 1
00000034 | 6,5,4 | 2016-12-31 | 1
00000196 | 1,2,12 | 2016-12-28 | 1
00000292 | 12,5,10 | 2016-12-29 | 1
00000185 | 5,3,13 | 2016-12-28 | 1
00000298 | 15,10,3 | 2017-01-01 | 1
00000207 | 10,4,6 | 2016-12-29 | 1
00000032 | 7,9,8 | 2016-12-26 | 1
00000893 | 12,13,8 | 2016-12-27 | 1
00000609 | 2,5,6 | 2016-12-29 | 1
00000197 | 14,8,5 | 2016-12-31 | 1
00000630 | 14,15,13 | 2016-12-31 | 1
00000299 | 7,10,4 | 2016-12-30 | 1
00000307 | 15,7,11 | 2016-12-29 | 1
00000230 | 2,7,10 | 2016-12-28 | 1
00000840 | 8,6,5 | 2016-12-30 | 1
00000596 | 15,10,8 | 2016-12-31 | 1
00000392 | 2,4,12 | 2016-12-31 | 1
00000078 | 2,15,4 | 2016-12-30 | 1
00000211 | 5,6,9 | 2016-12-31 | 1
00000068 | 12,15,14 | 2016-12-26 | 1
00000785 | 9,6,8 | 2016-12-31 | 1
00000175 | 3,2,9 | 2016-12-30 | 1
00000886 | 1,10,14 | 2016-12-26 | 1
00000627 | 5,13,14 | 2016-12-30 | 1
00000640 | 7,2,11 | 2017-01-01 | 1
00000282 | 12,8,13 | 2016-12-28 | 1
00000859 | 9,11,1 | 2016-12-26 | 1
00000342 | 12,7,4 | 2016-12-31 | 1
00000433 | 11,7,9 | 2017-01-01 | 1
00000200 | 6,13,15 | 2016-12-31 | 1
00000161 | 11,4,9 | 2016-12-31 | 1
00000867 | 11,14,6 | 2017-01-01 | 1
00000113 | 7,5,8 | 2016-12-26 | 1
00000915 | 5,3,9 | 2016-12-26 | 1
00000004 | 1,6,7 | 2017-01-01 | 1
00000116 | 14,12,6 | 2017-01-01 | 1
00000304 | 9,7,13 | 2017-01-01 | 1
00000162 | 5,1,14 | 2016-12-28 | 1
00000957 | 4,9,2 | 2016-12-29 | 1
00000280 | 9,11,14 | 2016-12-26 | 1
00000212 | 4,8,12 | 2016-12-28 | 1
00000653 | 9,8,13 | 2016-12-31 | 1
00000939 | 6,7,4 | 2016-12-27 | 1
00000801 | 7,14,8 | 2017-01-01 | 1
00000021 | 11,10,3 | 2016-12-30 | 1
00000605 | 6,1,10 | 2016-12-26 | 1
00000947 | 4,9,10 | 2016-12-28 | 1
00000699 | 11,6,8 | 2016-12-31 | 1
00000395 | 1,7,14 | 2016-12-26 | 1
00000634 | 1,7,2 | 2016-12-31 | 1
00000805 | 3,4,9 | 2017-01-01 | 1
00000125 | 2,15,4 | 2016-12-30 | 1
00000936 | 15,11,6 | 2016-12-30 | 1
00000082 | 2,5,8 | 2016-12-26 | 1
00000488 | 13,11,4 | 2016-12-27 | 1
00000240 | 12,15,10 | 2016-12-28 | 1
00000950 | 2,10,5 | 2016-12-29 | 1
00000024 | 10,6,12 | 2016-12-26 | 1
00000897 | 2,3,5 | 2016-12-30 | 1
00000658 | 3,4,5 | 2016-12-26 | 1
00000295 | 12,11,9 | 2017-01-01 | 1
00000460 | 2,6,10 | 2016-12-28 | 1
00000184 | 3,13,1 | 2016-12-30 | 1
00000366 | 6,12,14 | 2016-12-30 | 1
00000077 | 5,4,12 | 2016-12-31 | 1
00000237 | 15,1,8 | 2016-12-30 | 1
00000025 | 10,5,14 | 2016-12-26 | 1
00000010 | 7,15,5 | 2016-12-29 | 1
00000414 | 5,3,8 | 2016-12-31 | 1
00000967 | 5,4,2 | 2016-12-27 | 1
00000093 | 7,6,15 | 2016-12-27 | 1
00000468 | 10,13,14 | 2017-01-01 | 1
00000808 | 15,9,11 | 2016-12-30 | 1
00000422 | 10,1,8 | 2016-12-27 | 1
00000603 | 5,9,15 | 2016-12-29 | 1
00000054 | 12,11,10 | 2016-12-28 | 1
00000363 | 1,3,13 | 2016-12-30 | 1
00000446 | 10,14,11 | 2017-01-01 | 1
00000849 | 1,4,2 | 2016-12-27 | 1
00000120 | 13,7,2 | 2016-12-26 | 1
00000317 | 6,7,14 | 2016-12-29 | 1
00000188 | 5,7,3 | 2016-12-27 | 1
00000241 | 9,15,11 | 2016-12-30 | 1
00000174 | 13,7,15 | 2016-12-30 | 1
00000708 | 15,6,7 | 2016-12-28 | 1
00000991 | 10,6,9 | 2016-12-26 | 1
00000379 | 15,3,4 | 2016-12-29 | 1
00000530 | 9,14,11 | 2017-01-01 | 1
00000178 | 4,1,14 | 2016-12-31 | 1
00000871 | 4,13,12 | 2016-12-30 | 1
00000869 | 12,1,11 | 2016-12-27 | 1
00000911 | 12,8,2 | 2016-12-27 | 1
00000613 | 6,4,12 | 2016-12-29 | 1
00000266 | 5,10,6 | 2016-12-30 | 1
00000121 | 9,11,12 | 2016-12-30 | 1
00000731 | 13,9,15 | 2017-01-01 | 1
00000563 | 7,13,1 | 2016-12-26 | 1
00000956 | 12,5,14 | 2016-12-31 | 1
00000687 | 6,10,4 | 2016-12-26 | 1
00000730 | 1,10,7 | 2016-12-27 | 1
00000402 | 8,5,12 | 2016-12-28 | 1
00000371 | 2,6,8 | 2016-12-28 | 1
00000139 | 13,10,8 | 2016-12-28 | 1
00000864 | 2,13,14 | 2016-12-30 | 1
00000902 | 3,14,2 | 2016-12-28 | 1
00000831 | 11,9,15 | 2017-01-01 | 1
00000380 | 12,10,15 | 2016-12-30 | 1
00000651 | 11,1,9 | 2017-01-01 | 1
00000100 | 1,4,12 | 2016-12-31 | 1
00000526 | 7,9,3 | 2016-12-27 | 1
00000290 | 15,6,2 | 2016-12-29 | 1
00000124 | 5,12,11 | 2016-12-29 | 1
00000016 | 3,2,4 | 2016-12-29 | 1
00000715 | 11,14,3 | 2016-12-31 | 1
00000987 | 1,12,13 | 2017-01-01 | 1
00000199 | 5,1,13 | 2016-12-27 | 1
00000857 | 15,2,4 | 2017-01-01 | 1
00000913 | 2,4,15 | 2016-12-27 | 1
00000192 | 5,15,10 | 2016-12-27 | 1
00000482 | 3,2,10 | 2016-12-27 | 1
00000384 | 6,14,11 | 2016-12-29 | 1
00000273 | 11,15,10 | 2016-12-27 | 1
00000456 | 6,1,8 | 2016-12-28 | 1
00000104 | 9,10,8 | 2016-12-26 | 1
00000205 | 9,15,12 | 2016-12-30 | 1
00000111 | 9,2,1 | 2016-12-26 | 1
00000156 | 11,5,15 | 2016-12-27 | 1
00000063 | 7,8,4 | 2016-12-28 | 1
00000357 | 5,15,9 | 2016-12-26 | 1
00000191 | 8,9,6 | 2016-12-30 | 1
00000176 | 4,3,15 | 2017-01-01 | 1
00000573 | 13,14,4 | 2016-12-30 | 1
00000628 | 14,11,2 | 2017-01-01 | 1
00000248 | 12,9,8 | 2016-12-29 | 1
00000583 | 5,12,11 | 2016-12-28 | 1
00000378 | 1,9,2 | 2016-12-31 | 1
00000440 | 4,6,9 | 2016-12-30 | 1
00000894 | 13,6,8 | 2016-12-27 | 1
00000968 | 10,5,1 | 2016-12-26 | 1
00000225 | 1,15,12 | 2017-01-01 | 1
00000600 | 1,10,2 | 2016-12-29 | 1
00000648 | 10,2,4 | 2016-12-26 | 1
00000023 | 14,11,8 | 2016-12-27 | 1
00000311 | 6,4,2 | 2016-12-30 | 1
00000269 | 1,9,12 | 2016-12-29 | 1
00000328 | 4,12,1 | 2016-12-27 | 1
00000940 | 15,6,12 | 2017-01-01 | 1
00000108 | 1,2,8 | 2016-12-29 | 1
00000833 | 3,10,12 | 2016-12-30 | 1
00000005 | 11,1,6 | 2016-12-29 | 1
00000262 | 9,8,4 | 2016-12-29 | 1
00000544 | 11,9,12 | 2016-12-29 | 1
00000130 | 8,10,14 | 2016-12-31 | 1
00000249 | 15,14,2 | 2016-12-26 | 1
00000791 | 1,15,7 | 2017-01-01 | 1
00000075 | 5,3,13 | 2017-01-01 | 1
00000445 | 10,5,1 | 2016-12-28 | 1
00000046 | 8,12,3 | 2016-12-27 | 1
00000543 | 9,11,15 | 2016-12-28 | 1
00000638 | 10,9,8 | 2016-12-31 | 1
00000717 | 9,4,7 | 2017-01-01 | 1
00000721 | 8,5,2 | 2016-12-30 | 1
00000561 | 7,9,15 | 2016-12-26 | 1
00000056 | 15,5,6 | 2016-12-26 | 1
00000904 | 10,2,13 | 2016-12-30 | 1
00000033 | 6,14,2 | 2016-12-26 | 1
00000220 | 1,15,3 | 2016-12-26 | 1
00000875 | 5,3,2 | 2016-12-27 | 1
00000672 | 8,13,14 | 2016-12-31 | 1
00000060 | 14,2,7 | 2016-12-27 | 1
00000728 | 1,5,6 | 2016-12-30 | 1
00000279 | 12,14,10 | 2016-12-26 | 1
00000037 | 3,11,8 | 2016-12-27 | 1
00000291 | 3,9,12 | 2016-12-31 | 1
00000669 | 10,6,7 | 2016-12-28 | 1
00000137 | 2,11,15 | 2016-12-26 | 1
00000502 | 11,10,8 | 2016-12-31 | 1
00000019 | 2,9,14 | 2016-12-27 | 1
00000444 | 10,12,9 | 2016-12-28 | 1
00000625 | 11,10,15 | 2016-12-26 | 1
00000920 | 2,7,15 | 2016-12-26 | 1
00000303 | 4,1,11 | 2017-01-01 | 1
00000790 | 4,9,8 | 2016-12-28 | 1
00000890 | 8,7,11 | 2016-12-28 | 1
00000937 | 10,8,14 | 2016-12-26 | 1
00000424 | 15,4,6 | 2017-01-01 | 1
00000145 | 13,1,7 | 2016-12-26 | 1
00000216 | 5,7,9 | 2016-12-28 | 1
00000385 | 7,12,15 | 2016-12-27 | 1
00000260 | 12,11,1 | 2016-12-26 | 1
00000815 | 11,12,8 | 2016-12-30 | 1
00000172 | 1,15,10 | 2016-12-28 | 1
00000242 | 3,1,14 | 2016-12-31 | 1
00000382 | 15,1,2 | 2016-12-29 | 1
00000316 | 2,7,14 | 2017-01-01 | 1
00000780 | 12,2,14 | 2016-12-29 | 1
00000986 | 3,6,11 | 2016-12-28 | 1
00000916 | 4,2,6 | 2016-12-29 | 1
00000732 | 4,5,2 | 2016-12-29 | 1
00000668 | 13,7,5 | 2016-12-29 | 1
00000955 | 15,7,9 | 2016-12-29 | 1
00000739 | 6,13,11 | 2017-01-01 | 1
00000101 | 14,4,6 | 2016-12-27 | 1
00000848 | 3,12,1 | 2016-12-30 | 1
00000118 | 6,10,11 | 2016-12-28 | 1
00000213 | 8,2,3 | 2016-12-31 | 1
00000538 | 14,15,9 | 2016-12-28 | 1
00000578 | 8,10,2 | 2016-12-28 | 1
00000570 | 4,5,6 | 2016-12-28 | 1
00000771 | 4,14,11 | 2016-12-27 | 1
00000533 | 7,9,4 | 2016-12-26 | 1
00000138 | 2,9,8 | 2016-12-30 | 1
00000820 | 3,11,14 | 2016-12-27 | 1
00000802 | 3,14,9 | 2016-12-27 | 1
00000536 | 14,4,10 | 2017-01-01 | 1
00000823 | 4,15,9 | 2016-12-30 | 1
00000684 | 8,3,11 | 2016-12-30 | 1
00000564 | 14,10,8 | 2016-12-27 | 1
00000604 | 15,10,5 | 2016-12-26 | 1
00000234 | 3,15,5 | 2016-12-29 | 1
00000727 | 4,14,3 | 2016-12-27 | 1
00000511 | 2,14,6 | 2016-12-27 | 1
00000013 | 4,14,12 | 2016-12-31 | 1
00000818 | 13,1,14 | 2016-12-31 | 1
00000629 | 6,14,8 | 2016-12-26 | 1
00000151 | 4,1,5 | 2016-12-31 | 1
00000223 | 6,9,7 | 2016-12-27 | 1
00000905 | 13,4,8 | 2016-12-26 | 1
00000994 | 12,5,4 | 2016-12-31 | 1
00000285 | 3,1,12 | 2016-12-30 | 1
00000682 | 5,4,14 | 2016-12-27 | 1
00000829 | 9,11,1 | 2016-12-27 | 1
00000399 | 7,2,10 | 2016-12-26 | 1
00000302 | 15,4,9 | 2017-01-01 | 1
00000550 | 13,10,11 | 2016-12-31 | 1
00000585 | 1,13,11 | 2016-12-30 | 1
00000365 | 6,11,12 | 2016-12-30 | 1
00000906 | 4,10,7 | 2017-01-01 | 1
00000928 | 5,12,7 | 2016-12-27 | 1
00000057 | 12,11,4 | 2016-12-28 | 1
00000963 | 6,12,9 | 2017-01-01 | 1
00000935 | 12,2,5 | 2016-12-31 | 1
00000880 | 9,2,4 | 2016-12-31 | 1
00000435 | 8,14,5 | 2016-12-26 | 1
00000741 | 12,6,2 | 2016-12-28 | 1
00000489 | 4,6,11 | 2016-12-28 | 1
00000128 | 9,7,8 | 2016-12-30 | 1
00000654 | 15,13,14 | 2016-12-27 | 1
00000411 | 1,12,10 | 2017-01-01 | 1
00000426 | 7,8,14 | 2017-01-01 | 1
00000306 | 5,3,8 | 2016-12-27 | 1
00000110 | 3,5,2 | 2016-12-30 | 1
00000389 | 5,7,4 | 2017-01-01 | 1
00000181 | 12,3,13 | 2016-12-31 | 1
00000471 | 11,1,10 | 2016-12-27 | 1
00000964 | 11,9,4 | 2016-12-26 | 1
00000076 | 8,2,9 | 2016-12-31 | 1
00000338 | 8,14,7 | 2016-12-27 | 1
00000549 | 12,6,8 | 2016-12-27 | 1
00000351 | 4,5,8 | 2016-12-27 | 1
00000464 | 4,1,10 | 2016-12-27 | 1
00000360 | 11,9,13 | 2016-12-30 | 1
00000218 | 4,8,6 | 2016-12-27 | 1
00000026 | 12,14,15 | 2016-12-31 | 1
00000492 | 1,13,15 | 2016-12-29 | 1
00000568 | 15,10,1 | 2016-12-27 | 1
00000554 | 2,10,1 | 2016-12-27 | 1
00000679 | 2,8,1 | 2016-12-28 | 1
00000204 | 4,15,11 | 2016-12-27 | 1
00000553 | 15,7,5 | 2016-12-30 | 1
00000358 | 11,13,7 | 2016-12-31 | 1
00000331 | 15,9,10 | 2016-12-31 | 1
00000167 | 5,14,6 | 2016-12-29 | 1
00000647 | 2,10,13 | 2016-12-30 | 1
00000753 | 8,14,12 | 2016-12-29 | 1
00000698 | 6,10,13 | 2016-12-28 | 1
00000581 | 10,6,2 | 2016-12-31 | 1
00000373 | 13,11,1 | 2016-12-31 | 1
00000756 | 8,13,11 | 2016-12-27 | 1
00000011 | 9,10,5 | 2016-12-27 | 1
00000284 | 12,4,13 | 2016-12-28 | 1
00000443 | 1,14,6 | 2016-12-30 | 1
00000706 | 14,10,6 | 2016-12-29 | 1
00000276 | 13,10,9 | 2017-01-01 | 1
00000788 | 5,14,8 | 2016-12-29 | 1
00000868 | 14,4,9 | 2016-12-29 | 1
00000310 | 1,7,11 | 2016-12-30 | 1
00000725 | 9,14,5 | 2016-12-30 | 1
00000222 | 12,7,8 | 2016-12-29 | 1
00000314 | 5,15,13 | 2016-12-30 | 1
00000555 | 2,11,8 | 2016-12-31 | 1
00000367 | 7,1,13 | 2017-01-01 | 1
00000998 | 13,11,14 | 2016-12-30 | 1
00000521 | 11,5,14 | 2016-12-28 | 1
00000782 | 10,4,3 | 2016-12-27 | 1
00000925 | 9,2,11 | 2016-12-28 | 1
00000012 | 4,2,12 | 2016-12-26 | 1
00000448 | 12,5,14 | 2016-12-26 | 1
00000898 | 12,7,8 | 2016-12-26 | 1
00000210 | 3,13,2 | 2016-12-27 | 1
00000126 | 15,10,8 | 2016-12-26 | 1
00000723 | 10,11,5 | 2016-12-26 | 1
00000015 | 6,4,15 | 2016-12-28 | 1
00000416 | 10,6,15 | 2017-01-01 | 1
00000562 | 6,9,8 | 2017-01-01 | 1
00000289 | 9,5,6 | 2016-12-26 | 1
00000813 | 6,15,4 | 2016-12-31 | 1
00000762 | 3,10,11 | 2016-12-26 | 1
00000874 | 12,4,11 | 2016-12-30 | 1
00000611 | 10,11,9 | 2017-01-01 | 1
00000475 | 9,1,15 | 2016-12-29 | 1
00000157 | 3,14,9 | 2016-12-31 | 1
00000892 | 10,9,12 | 2016-12-31 | 1
00000633 | 9,11,12 | 2016-12-30 | 1
00000970 | 14,4,11 | 2016-12-31 | 1
00000045 | 4,10,6 | 2016-12-28 | 1
00000070 | 15,3,14 | 2016-12-28 | 1
00000099 | 3,7,1 | 2017-01-01 | 1
00000398 | 2,1,11 | 2017-01-01 | 1
00000529 | 6,7,4 | 2016-12-26 | 1
00000370 | 1,6,8 | 2016-12-31 | 1
00000470 | 12,11,15 | 2017-01-01 | 1
00000681 | 6,1,14 | 2016-12-28 | 1
00000407 | 3,8,7 | 2016-12-28 | 1
00000598 | 3,14,10 | 2016-12-29 | 1
00000152 | 5,12,14 | 2016-12-26 | 1
00000832 | 4,10,1 | 2016-12-28 | 1
00000534 | 11,3,13 | 2016-12-29 | 1
00000885 | 5,3,13 | 2016-12-27 | 1
00000518 | 1,5,6 | 2016-12-31 | 1
00000406 | 12,9,10 | 2016-12-30 | 1
00000843 | 15,5,12 | 2016-12-31 | 1
00000390 | 15,10,6 | 2016-12-29 | 1
00000127 | 8,7,3 | 2016-12-26 | 1
00000387 | 10,8,7 | 2016-12-27 | 1
00000952 | 12,5,9 | 2016-12-28 | 1
00000180 | 4,5,3 | 2017-01-01 | 1
00000694 | 15,9,12 | 2016-12-27 | 1
00000675 | 2,15,1 | 2016-12-26 | 1
00000558 | 1,12,6 | 2017-01-01 | 1
00000497 | 10,2,8 | 2016-12-30 | 1
00000255 | 7,15,9 | 2017-01-01 | 1
00000907 | 7,3,1 | 2016-12-26 | 1
00000391 | 3,12,6 | 2017-01-01 | 1
00000949 | 13,11,2 | 2016-12-27 | 1
00000022 | 7,11,2 | 2016-12-27 | 1
00000239 | 7,10,11 | 2016-12-30 | 1
00000652 | 10,15,7 | 2016-12-31 | 1
00000650 | 15,9,5 | 2016-12-31 | 1
00000587 | 10,2,6 | 2016-12-28 | 1
00000294 | 8,3,7 | 2016-12-28 | 1
00000961 | 4,14,5 | 2016-12-29 | 1
00000413 | 10,7,9 | 2016-12-28 | 1
00000163 | 5,12,3 | 2016-12-26 | 1
00000354 | 7,10,5 | 2017-01-01 | 1
00000166 | 14,4,6 | 2016-12-26 | 1
00000531 | 13,11,10 | 2016-12-31 | 1
00000591 | 10,1,9 | 2017-01-01 | 1
00000700 | 14,5,9 | 2016-12-26 | 1
00000020 | 15,1,2 | 2016-12-29 | 1
00000670 | 7,3,11 | 2016-12-29 | 1
00000657 | 1,11,5 | 2017-01-01 | 1
00000506 | 10,3,6 | 2016-12-27 | 1
00000286 | 3,2,9 | 2016-12-26 | 1
00000951 | 14,2,11 | 2017-01-01 | 1
00000494 | 2,10,11 | 2017-01-01 | 1
00000318 | 4,15,7 | 2016-12-28 | 1
00000356 | 4,3,13 | 2016-12-28 | 1
00000584 | 15,4,6 | 2016-12-31 | 1
00000632 | 11,13,3 | 2016-12-31 | 1
00000844 | 2,12,5 | 2016-12-27 | 1
00000036 | 9,15,3 | 2016-12-27 | 1
00000895 | 3,1,14 | 2016-12-31 | 1
00000810 | 14,1,7 | 2016-12-29 | 1
00000976 | 9,7,6 | 2016-12-30 | 1
00000461 | 4,14,1 | 2016-12-26 | 1
00000154 | 4,11,14 | 2016-12-31 | 1
00000852 | 1,11,8 | 2016-12-30 | 1
00000779 | 8,12,11 | 2016-12-27 | 1
00000074 | 2,8,6 | 2016-12-29 | 1
00000537 | 11,1,8 | 2016-12-27 | 1
00000883 | 11,12,7 | 2016-12-30 | 1
00000027 | 11,12,10 | 2016-12-27 | 1
00000798 | 7,15,14 | 2016-12-30 | 1
00000800 | 13,4,12 | 2016-12-30 | 1
00000215 | 2,7,3 | 2016-12-26 | 1
00000592 | 6,9,15 | 2016-12-29 | 1
00000301 | 14,11,2 | 2016-12-30 | 1
00000450 | 2,11,3 | 2016-12-29 | 1
00000467 | 8,7,1 | 2016-12-26 | 1
00000965 | 3,8,5 | 2016-12-26 | 1
00000088 | 15,6,12 | 2016-12-30 | 1
00000759 | 14,3,12 | 2016-12-30 | 1
00000784 | 10,14,12 | 2016-12-31 | 1
00000834 | 12,14,9 | 2016-12-27 | 1
00000924 | 14,7,6 | 2017-01-01 | 1
00000040 | 7,6,4 | 2017-01-01 | 1
00000073 | 3,4,8 | 2016-12-26 | 1
00000734 | 13,11,4 | 2016-12-28 | 1
00000439 | 14,13,9 | 2017-01-01 | 1
00000673 | 14,5,12 | 2017-01-01 | 1
00000664 | 3,5,12 | 2016-12-26 | 1
00000438 | 10,8,6 | 2016-12-28 | 1
00000233 | 14,15,8 | 2016-12-26 | 1
00000839 | 7,8,1 | 2016-12-29 | 1
00000393 | 7,3,9 | 2016-12-31 | 1
00000772 | 13,1,2 | 2016-12-30 | 1
00000619 | 3,15,13 | 2016-12-26 | 1
00000595 | 8,7,13 | 2016-12-28 | 1
00000636 | 7,12,5 | 2017-01-01 | 1
00000313 | 9,12,3 | 2016-12-27 | 1
00000245 | 2,14,12 | 2016-12-30 | 1
00000232 | 10,11,8 | 2016-12-26 | 1
00000786 | 6,7,11 | 2016-12-29 | 1
00000590 | 9,3,5 | 2016-12-30 | 1
00000136 | 12,8,13 | 2016-12-28 | 1
00000997 | 15,8,12 | 2016-12-26 | 1
00000775 | 10,7,11 | 2016-12-26 | 1
00000811 | 2,10,15 | 2017-01-01 | 1
00000346 | 8,15,9 | 2016-12-27 | 1
00000375 | 14,4,11 | 2016-12-30 | 1
00000974 | 7,2,11 | 2016-12-26 | 1
00000457 | 4,7,8 | 2016-12-26 | 1
00000189 | 13,1,6 | 2016-12-28 | 1
00000473 | 14,1,5 | 2017-01-01 | 1
00000008 | 4,14,6 | 2016-12-27 | 1
00000705 | 8,3,12 | 2016-12-29 | 1
00000206 | 2,9,12 | 2017-01-01 | 1
00000463 | 3,12,4 | 2016-12-29 | 1
00000481 | 5,1,7 | 2016-12-27 | 1
00000718 | 7,8,14 | 2016-12-30 | 1
00000283 | 4,7,15 | 2017-01-01 | 1
00000569 | 6,10,11 | 2016-12-29 | 1
00000149 | 6,3,4 | 2016-12-28 | 1
00000190 | 2,1,4 | 2016-12-27 | 1
00000055 | 3,14,4 | 2016-12-30 | 1
00000281 | 2,14,8 | 2016-12-27 | 1
00000364 | 2,13,15 | 2016-12-28 | 1
00000452 | 2,12,7 | 2016-12-27 | 1
00000713 | 5,9,1 | 2016-12-29 | 1
00000622 | 11,3,8 | 2016-12-30 | 1
00000441 | 1,5,6 | 2016-12-27 | 1
00000339 | 12,6,10 | 2016-12-30 | 1
00000588 | 5,9,10 | 2016-12-26 | 1
00000566 | 10,8,5 | 2016-12-27 | 1
00000094 | 4,1,8 | 2016-12-26 | 1
00000909 | 7,9,8 | 2016-12-28 | 1
00000763 | 11,8,2 | 2017-01-01 | 1
00000335 | 5,3,9 | 2016-12-30 | 1
00000423 | 6,7,11 | 2016-12-29 | 1
00000447 | 15,9,6 | 2016-12-30 | 1
00000155 | 10,8,6 | 2016-12-31 | 1
00000879 | 7,1,4 | 2016-12-31 | 1
00000978 | 3,10,14 | 2016-12-26 | 1
00000159 | 12,11,5 | 2016-12-31 | 1
00000542 | 6,3,2 | 2016-12-26 | 1
00000359 | 2,7,3 | 2016-12-27 | 1
00000069 | 12,13,3 | 2017-01-01 | 1
00000765 | 3,4,5 | 2016-12-28 | 1
00000321 | 9,15,11 | 2016-12-31 | 1
00000257 | 6,12,9 | 2016-12-27 | 1
00000714 | 15,5,11 | 2017-01-01 | 1
00000736 | 2,6,11 | 2016-12-28 | 1
00000490 | 10,7,12 | 2016-12-27 | 1
00000740 | 2,12,9 | 2016-12-27 | 1
00000597 | 12,5,1 | 2016-12-29 | 1
00000484 | 8,6,1 | 2016-12-30 | 1
00000878 | 3,6,4 | 2017-01-01 | 1
00000143 | 9,15,13 | 2016-12-28 | 1
00000405 | 12,11,7 | 2017-01-01 | 1
00000449 | 7,13,6 | 2016-12-29 | 1
00000809 | 1,7,12 | 2017-01-01 | 1
00000431 | 7,14,9 | 2016-12-28 | 1
00000251 | 14,2,3 | 2017-01-01 | 1
00000396 | 3,10,8 | 2016-12-28 | 1
00000712 | 13,11,6 | 2016-12-29 | 1
00000545 | 10,14,12 | 2016-12-29 | 1
00000933 | 2,4,7 | 2016-12-26 | 1
00000989 | 11,12,2 | 2016-12-31 | 1
00000221 | 7,12,13 | 2016-12-26 | 1
00000982 | 12,8,1 | 2017-01-01 | 1
00000067 | 3,9,12 | 2016-12-28 | 1
00000792 | 11,3,14 | 2017-01-01 | 1
00000702 | 4,3,11 | 2016-12-30 | 1
00000340 | 7,8,15 | 2016-12-30 | 1
00000038 | 9,3,4 | 2016-12-27 | 1
00000828 | 10,6,5 | 2016-12-30 | 1
00000601 | 5,14,1 | 2016-12-29 | 1
00000478 | 5,1,3 | 2016-12-28 | 1
00000716 | 3,4,12 | 2016-12-26 | 1
00000914 | 8,2,13 | 2016-12-26 | 1
00000814 | 3,4,9 | 2016-12-31 | 1
00000777 | 3,10,13 | 2016-12-30 | 1
00000224 | 10,14,11 | 2016-12-29 | 1
00000300 | 13,1,5 | 2017-01-01 | 1
00000938 | 5,11,4 | 2017-01-01 | 1
00000238 | 11,4,6 | 2016-12-31 | 1
00000259 | 3,13,8 | 2017-01-01 | 1
00000948 | 14,1,3 | 2016-12-28 | 1
00000525 | 15,12,2 | 2016-12-30 | 1
00000459 | 13,15,1 | 2016-12-27 | 1
00000552 | 8,11,6 | 2016-12-26 | 1
00000602 | 2,6,3 | 2016-12-29 | 1
00000836 | 3,4,13 | 2016-12-26 | 1
00000993 | 6,14,7 | 2016-12-28 | 1
00000487 | 3,7,6 | 2016-12-28 | 1
00000656 | 7,2,5 | 2016-12-31 | 1
00000571 | 12,9,13 | 2016-12-28 | 1
00000465 | 6,1,11 | 2016-12-27 | 1
00000244 | 9,8,3 | 2016-12-28 | 1
00000696 | 7,12,4 | 2016-12-28 | 1
00000383 | 3,2,5 | 2016-12-30 | 1
00000781 | 12,15,9 | 2016-12-29 | 1
00000142 | 13,14,12 | 2016-12-27 | 1
00000202 | 7,6,3 | 2016-12-29 | 1
00000822 | 6,12,2 | 2016-12-29 | 1
00000882 | 11,13,4 | 2016-12-31 | 1
00000171 | 13,14,7 | 2016-12-28 | 1
00000709 | 4,8,15 | 2016-12-26 | 1
00000047 | 14,8,7 | 2016-12-26 | 1
00000253 | 10,14,2 | 2016-12-31 | 1
00000866 | 1,9,14 | 2017-01-01 | 1
00000134 | 7,6,3 | 2016-12-27 | 1
00000908 | 10,13,15 | 2016-12-27 | 1
00000277 | 11,3,7 | 2016-12-26 | 1
00000275 | 15,5,4 | 2016-12-29 | 1
00000757 | 6,14,2 | 2016-12-31 | 1
00000990 | 2,13,4 | 2016-12-31 | 1
00000620 | 4,10,8 | 2016-12-29 | 1
00000429 | 15,9,10 | 2016-12-27 | 1
00000252 | 15,14,13 | 2017-01-01 | 1
00000743 | 4,8,15 | 2016-12-26 | 1
00000853 | 5,12,13 | 2016-12-26 | 1
00000160 | 10,8,6 | 2016-12-28 | 1
00000683 | 12,11,1 | 2017-01-01 | 1
00000724 | 8,7,3 | 2016-12-28 | 1
00000480 | 3,11,1 | 2016-12-27 | 1
00000352 | 7,11,10 | 2016-12-29 | 1
00000516 | 8,3,15 | 2016-12-28 | 1
00000051 | 10,11,14 | 2017-01-01 | 1
00000737 | 12,4,6 | 2016-12-30 | 1
00000663 | 6,3,8 | 2017-01-01 | 1
00000235 | 11,1,2 | 2016-12-27 | 1
00000062 | 2,3,15 | 2016-12-29 | 1
00000726 | 12,9,1 | 2016-12-27 | 1
00000182 | 15,13,3 | 2016-12-31 | 1
00000707 | 6,4,10 | 2017-01-01 | 1
00000746 | 5,1,6 | 2016-12-27 | 1
00000858 | 1,7,12 | 2016-12-30 | 1
00000599 | 7,5,11 | 2016-12-26 | 1
00000917 | 14,10,1 | 2016-12-28 | 1
00000345 | 2,11,8 | 2016-12-30 | 1
00000594 | 7,9,5 | 2017-01-01 | 1
00000333 | 8,11,4 | 2016-12-30 | 1
00000322 | 15,12,1 | 2016-12-31 | 1
00000353 | 2,3,1 | 2016-12-31 | 1
00000635 | 7,13,4 | 2016-12-26 | 1
00000271 | 4,8,13 | 2017-01-01 | 1
00000501 | 13,12,9 | 2016-12-30 | 1
00000476 | 13,15,6 | 2016-12-30 | 1
00000267 | 5,9,11 | 2016-12-27 | 1
00000642 | 1,4,10 | 2016-12-31 | 1
00000846 | 3,9,5 | 2016-12-28 | 1
00000665 | 5,1,7 | 2016-12-31 | 1
00000141 | 3,6,13 | 2016-12-28 | 1
00000806 | 10,12,6 | 2016-12-30 | 1
00000091 | 6,14,9 | 2017-01-01 | 1
00000735 | 13,15,10 | 2016-12-26 | 1
00000821 | 13,9,2 | 2016-12-30 | 1
00000841 | 12,3,11 | 2016-12-29 | 1
00000896 | 3,4,9 | 2016-12-30 | 1
00000140 | 15,8,1 | 2017-01-01 | 1
00000910 | 6,11,12 | 2016-12-26 | 1
00000495 | 10,8,4 | 2016-12-30 | 1
00000541 | 14,11,15 | 2016-12-28 | 1
00000586 | 12,4,10 | 2016-12-27 | 1
00000744 | 3,7,8 | 2016-12-30 | 1
00000109 | 9,11,3 | 2016-12-29 | 1
00000610 | 13,10,7 | 2016-12-27 | 1
00000606 | 4,3,1 | 2016-12-28 | 1
00000945 | 3,5,12 | 2016-12-30 | 1
00000007 | 3,5,7 | 2016-12-27 | 1
00000066 | 9,6,15 | 2016-12-29 | 1
00000972 | 9,5,3 | 2016-12-30 | 1
00000505 | 3,10,1 | 2016-12-31 | 1
00000496 | 8,5,6 | 2016-12-30 | 1
00000061 | 13,7,5 | 2016-12-30 | 1
00000309 | 15,1,4 | 2016-12-27 | 1
00000794 | 1,2,11 | 2016-12-29 | 1
00000084 | 1,9,8 | 2016-12-28 | 1
00000274 | 5,2,1 | 2016-12-29 | 1
00000579 | 3,12,5 | 2016-12-29 | 1
00000639 | 4,2,1 | 2016-12-27 | 1
00000493 | 3,10,15 | 2016-12-29 | 1
00000428 | 15,4,1 | 2016-12-30 | 1
00000430 | 12,3,5 | 2017-01-01 | 1
00000014 | 14,6,11 | 2016-12-29 | 1
00000397 | 6,4,1 | 2016-12-30 | 1
00000144 | 5,14,10 | 2017-01-01 | 1
00000079 | 4,9,6 | 2016-12-27 | 1
00000293 | 6,9,1 | 2016-12-31 | 1
00000050 | 3,9,8 | 2016-12-28 | 1
00000114 | 5,15,14 | 2016-12-28 | 1
00000265 | 11,3,8 | 2017-01-01 | 1
00000674 | 11,8,6 | 2016-12-28 | 1
00000876 | 10,5,7 | 2016-12-26 | 1
00000198 | 13,12,3 | 2016-12-26 | 1
00000645 | 13,3,12 | 2016-12-30 | 1
00000504 | 5,7,2 | 2016-12-30 | 1
00000944 | 6,13,9 | 2016-12-31 | 1
00000929 | 14,9,8 | 2017-01-01 | 1
00000052 | 8,5,2 | 2017-01-01 | 1
00000547 | 7,14,8 | 2016-12-26 | 1
00000862 | 14,7,11 | 2016-12-27 | 1
00000804 | 10,14,11 | 2016-12-28 | 1
00000186 | 6,10,8 | 2016-12-29 | 1
00000400 | 4,2,9 | 2016-12-28 | 1
00000250 | 7,12,13 | 2016-12-31 | 1
00000336 | 6,4,8 | 2016-12-31 | 1
00000662 | 9,8,2 | 2016-12-27 | 1
00000667 | 4,10,13 | 2016-12-27 | 1
00000527 | 11,8,3 | 2016-12-30 | 1
00000863 | 10,1,2 | 2016-12-28 | 1
00000472 | 6,11,15 | 2016-12-30 | 1
00000183 | 15,7,9 | 2016-12-26 | 1
00000132 | 14,6,5 | 2016-12-27 | 1
00000677 | 5,12,10 | 2017-01-01 | 1
00000559 | 9,13,6 | 2016-12-28 | 1
00000877 | 6,14,7 | 2016-12-28 | 1
00000409 | 6,5,2 | 2016-12-30 | 1
00000381 | 12,10,8 | 2016-12-26 | 1
00000096 | 4,6,2 | 2017-01-01 | 1
00000246 | 4,5,14 | 2016-12-27 | 1
00000053 | 10,4,13 | 2016-12-27 | 1
00000766 | 6,11,2 | 2016-12-31 | 1
00000326 | 14,2,3 | 2016-12-31 | 1
00000649 | 2,11,5 | 2016-12-29 | 1
00000985 | 5,7,12 | 2016-12-27 | 1
00000106 | 6,1,12 | 2016-12-28 | 1
00000778 | 9,3,10 | 2016-12-27 | 1
00000515 | 3,4,14 | 2016-12-26 | 1
00000881 | 4,1,2 | 2016-12-28 | 1
00000170 | 4,8,6 | 2016-12-29 | 1
00000860 | 3,10,15 | 2016-12-28 | 1
00000287 | 14,2,3 | 2016-12-31 | 1
00000641 | 10,11,1 | 2017-01-01 | 1
00000226 | 12,5,9 | 2016-12-31 | 1
00000455 | 2,1,15 | 2016-12-30 | 1
00000324 | 5,2,8 | 2017-01-01 | 1
00000417 | 1,4,7 | 2016-12-31 | 1
00000479 | 9,1,14 | 2016-12-26 | 1
00000749 | 12,6,15 | 2017-01-01 | 1
00000580 | 11,8,5 | 2016-12-31 | 1
00000865 | 1,4,7 | 2016-12-27 | 1
00000524 | 11,1,14 | 2016-12-28 | 1
00000722 | 12,9,15 | 2016-12-26 | 1
00000912 | 15,12,13 | 2016-12-29 | 1
00000133 | 14,7,9 | 2016-12-31 | 1
00000420 | 1,6,3 | 2016-12-28 | 1
00000992 | 15,11,2 | 2016-12-27 | 1
00000819 | 5,8,2 | 2016-12-26 | 1
00000887 | 11,2,3 | 2016-12-27 | 1
00000631 | 7,3,11 | 2016-12-27 | 1
00000769 | 5,3,1 | 2016-12-29 | 1
00000750 | 6,3,5 | 2017-01-01 | 1
00000660 | 9,15,3 | 2016-12-28 | 1
00000607 | 10,9,1 | 2016-12-28 | 1
00000043 | 4,8,6 | 2016-12-27 | 1
00000999 | 11,7,15 | 2016-12-27 | 1
00000729 | 3,8,12 | 2016-12-31 | 1
00000401 | 1,6,12 | 2016-12-30 | 1
00000001 | 7,4,1 | 2016-12-29 | 1
00000362 | 13,6,1 | 2016-12-30 | 1
00000258 | 15,2,7 | 2017-01-01 | 1
00000901 | 4,5,6 | 2016-12-29 | 1
00000254 | 10,6,15 | 2016-12-27 | 1
00000123 | 1,12,15 | 2016-12-29 | 1
00000421 | 7,10,3 | 2016-12-30 | 1
00000148 | 10,1,6 | 2016-12-28 | 1
00000483 | 6,11,1 | 2016-12-30 | 1
00000071 | 12,11,7 | 2016-12-29 | 1
00000499 | 13,6,11 | 2016-12-29 | 1
00000462 | 1,8,4 | 2016-12-26 | 1
00000996 | 3,9,5 | 2016-12-26 | 1
00000256 | 5,2,11 | 2016-12-29 | 1
00000795 | 14,13,3 | 2017-01-01 | 1
00000219 | 14,2,11 | 2016-12-26 | 1
00000532 | 6,5,15 | 2016-12-30 | 1
00000838 | 9,12,2 | 2016-12-30 | 1
00000319 | 12,13,1 | 2016-12-27 | 1
00000227 | 3,10,7 | 2016-12-26 | 1
00000009 | 6,3,7 | 2016-12-30 | 1
00000017 | 12,11,7 | 2016-12-28 | 1
00000845 | 12,15,13 | 2016-12-31 | 1
00000177 | 10,2,15 | 2017-01-01 | 1
00000567 | 4,8,3 | 2016-12-31 | 1
00000503 | 3,6,14 | 2017-01-01 | 1
00000703 | 5,1,14 | 2016-12-27 | 1
00000165 | 15,1,13 | 2016-12-28 | 1
00000689 | 3,1,10 | 2016-12-30 | 1
00000799 | 9,12,8 | 2016-12-26 | 1
00000745 | 7,12,10 | 2016-12-27 | 1
00000080 | 8,10,12 | 2016-12-28 | 1
00000850 | 10,2,3 | 2016-12-29 | 1
00000560 | 15,11,8 | 2017-01-01 | 1
00000427 | 5,3,14 | 2016-12-31 | 1
00000748 | 5,14,8 | 2016-12-31 | 1
00000217 | 8,9,5 | 2016-12-26 | 1
00000247 | 11,1,9 | 2016-12-31 | 1
00000208 | 5,9,14 | 2016-12-26 | 1
00000059 | 4,2,9 | 2016-12-26 | 1
00000350 | 8,1,2 | 2016-12-31 | 1
00000327 | 2,9,7 | 2016-12-29 | 1
00000434 | 1,14,11 | 2016-12-28 | 1
00000369 | 1,8,2 | 2016-12-27 | 1
00000855 | 14,7,13 | 2016-12-26 | 1
00000193 | 12,5,14 | 2016-12-30 | 1
00000288 | 12,11,9 | 2016-12-30 | 1
00000617 | 8,15,2 | 2017-01-01 | 1
00000701 | 3,6,9 | 2016-12-26 | 1
00000081 | 1,3,10 | 2017-01-01 | 1
00000825 | 9,8,5 | 2016-12-31 | 1
00000187 | 2,5,3 | 2016-12-26 | 1
00000312 | 12,2,8 | 2016-12-31 | 1
00000491 | 10,7,3 | 2016-12-29 | 1
00000593 | 11,10,5 | 2017-01-01 | 1
00000514 | 3,5,15 | 2016-12-29 | 1
00000918 | 1,7,9 | 2016-12-28 | 1
00000458 | 3,8,12 | 2016-12-31 | 1
00000323 | 9,14,13 | 2016-12-29 | 1
00000954 | 10,9,15 | 2016-12-27 | 1
00000582 | 15,2,1 | 2016-12-28 | 1
00000889 | 2,10,15 | 2016-12-29 | 1
00000692 | 5,2,3 | 2016-12-27 | 1
00000355 | 11,4,14 | 2016-12-31 | 1
00000546 | 9,10,7 | 2016-12-26 | 1
00000334 | 10,5,15 | 2016-12-26 | 1
00000086 | 1,15,4 | 2017-01-01 | 1
00000608 | 15,11,1 | 2016-12-27 | 1
00000347 | 4,11,9 | 2016-12-26 | 1
00000977 | 1,7,8 | 2016-12-30 | 1
00000344 | 11,3,2 | 2016-12-28 | 1
00000854 | 5,7,15 | 2016-12-30 | 1
00000959 | 10,7,6 | 2017-01-01 | 1
00000856 | 11,7,8 | 2016-12-29 | 1
00000098 | 4,3,12 | 2016-12-29 | 1
00000626 | 12,7,8 | 2017-01-01 | 1
00000888 | 14,5,7 | 2016-12-28 | 1
00000168 | 10,13,7 | 2016-12-26 | 1
00000042 | 2,3,9 | 2017-01-01 | 1
00000297 | 12,8,14 | 2016-12-27 | 1
00000548 | 1,5,10 | 2017-01-01 | 1
00000296 | 9,15,4 | 2016-12-28 | 1
00000551 | 9,4,3 | 2016-12-27 | 1
00000872 | 13,8,6 | 2017-01-01 | 1
00000941 | 9,1,14 | 2016-12-31 | 1
00000738 | 1,9,3 | 2016-12-29 | 1
00000523 | 3,8,6 | 2016-12-31 | 1
00000574 | 7,12,15 | 2016-12-28 | 1
00000693 | 9,11,4 | 2016-12-29 | 1
00000575 | 12,4,13 | 2016-12-30 | 1
00000655 | 8,15,10 | 2016-12-31 | 1
00000337 | 12,5,10 | 2017-01-01 | 1
00000377 | 1,2,5 | 2017-01-01 | 1
00000899 | 11,2,5 | 2016-12-28 | 1
00000830 | 13,5,12 | 2016-12-30 | 1
00000231 | 2,11,9 | 2017-01-01 | 1
00000661 | 7,1,10 | 2016-12-30 | 1
00000278 | 6,4,13 | 2016-12-26 | 1
00000576 | 11,3,10 | 2016-12-27 | 1
00000006 | 7,11,13 | 2016-12-26 | 1
00000988 | 14,4,3 | 2016-12-30 | 1
00000676 | 11,13,9 | 2016-12-28 | 1
00000097 | 5,12,2 | 2016-12-29 | 1
00000922 | 4,11,13 | 2016-12-27 | 1
00000691 | 15,6,1 | 2017-01-01 | 1
00000983 | 9,10,5 | 2016-12-27 | 1
00000041 | 5,9,2 | 2016-12-26 | 1
00000837 | 7,11,13 | 2017-01-01 | 1
00000404 | 7,3,9 | 2017-01-01 | 1
00000474 | 1,15,5 | 2016-12-31 | 1
00000146 | 1,5,6 | 2017-01-01 | 1
00000980 | 13,3,2 | 2016-12-26 | 1
00000195 | 5,11,14 | 2016-12-26 | 1
00000851 | 15,3,6 | 2017-01-01 | 1
00000376 | 13,6,1 | 2016-12-31 | 1
00000129 | 5,8,2 | 2016-12-31 | 1
00000644 | 5,6,11 | 2016-12-30 | 1
00000891 | 15,2,8 | 2016-12-31 | 1
00000984 | 10,2,4 | 2016-12-26 | 1
00000509 | 4,10,3 | 2016-12-30 | 1
00000201 | 12,9,4 | 2016-12-31 | 1
00000930 | 7,6,8 | 2016-12-31 | 1
00000332 | 14,12,6 | 2016-12-26 | 1
00000243 | 12,13,4 | 2016-12-31 | 1
00000065 | 7,11,2 | 2016-12-26 | 1
00000528 | 2,3,13 | 2016-12-27 | 1
00000147 | 15,11,13 | 2017-01-01 | 1
00000049 | 8,12,2 | 2017-01-01 | 1
00000408 | 11,12,9 | 2016-12-30 | 1
00000264 | 12,13,9 | 2016-12-26 | 1
00000119 | 9,5,13 | 2016-12-28 | 1
00000500 | 1,14,10 | 2016-12-28 | 1
00000272 | 8,9,6 | 2016-12-26 | 1
00000646 | 15,13,6 | 2016-12-26 | 1
00000102 | 3,1,9 | 2016-12-26 | 1
00000090 | 4,13,1 | 2016-12-31 | 1
00000979 | 13,9,6 | 2017-01-01 | 1
00000971 | 6,12,10 | 2016-12-31 | 1
00000361 | 14,8,5 | 2016-12-31 | 1
00000329 | 7,4,14 | 2016-12-29 | 1
00000451 | 5,9,13 | 2016-12-27 | 1
00000711 | 4,15,11 | 2016-12-27 | 1
00000919 | 5,1,2 | 2017-01-01 | 1
00000942 | 14,11,8 | 2016-12-27 | 1
00000958 | 10,3,8 | 2016-12-29 | 1
00000760 | 7,12,8 | 2016-12-31 | 1
00000117 | 7,1,12 | 2016-12-28 | 1
00000773 | 15,13,12 | 2016-12-28 | 1
00000169 | 7,15,10 | 2016-12-31 | 1
00000926 | 12,7,9 | 2016-12-28 | 1
00000394 | 8,5,3 | 2016-12-31 | 1
00000921 | 7,10,6 | 2016-12-28 | 1
00000685 | 3,5,10 | 2016-12-28 | 1
00000835 | 9,3,12 | 2017-01-01 | 1
00000943 | 1,11,10 | 2017-01-01 | 1
00000308 | 9,10,6 | 2016-12-30 | 1
00000861 | 9,2,11 | 2016-12-28 | 1
00000623 | 12,13,3 | 2017-01-01 | 1
00000686 | 10,5,3 | 2016-12-29 | 1
00000666 | 3,1,5 | 2016-12-30 | 1
00000150 | 1,8,6 | 2017-01-01 | 1
00000325 | 13,5,12 | 2017-01-01 | 1
00000946 | 14,13,2 | 2016-12-31 | 1
00000973 | 8,3,5 | 2017-01-01 | 1
00000616 | 10,4,12 | 2017-01-01 | 1
00000812 | 12,5,11 | 2016-12-31 | 1
00000343 | 10,6,13 | 2016-12-26 | 1
00000981 | 12,5,3 | 2016-12-29 | 1
00000469 | 4,2,13 | 2016-12-26 | 1
00000960 | 15,4,2 | 2017-01-01 | 1
00000436 | 15,13,3 | 2016-12-27 | 1
00000927 | 11,7,14 | 2016-12-30 | 1
00000615 | 4,13,1 | 2016-12-27 | 1
00000953 | 7,13,2 | 2017-01-01 | 1
00000742 | 14,11,3 | 2016-12-31 | 1
00000710 | 4,5,8 | 2017-01-01 | 1
00000486 | 4,2,1 | 2016-12-26 | 1
00000064 | 10,3,6 | 2016-12-28 | 1
00000268 | 4,5,10 | 2016-12-28 | 1
00000477 | 13,7,11 | 2016-12-28 | 1
00000752 | 1,14,15 | 2016-12-31 | 1
00000453 | 5,11,1 | 2016-12-28 | 1
00000115 | 5,7,9 | 2017-01-01 | 1
00000618 | 11,8,2 | 2016-12-29 | 1
00000966 | 7,5,8 | 2017-01-01 | 1
00000372 | 12,6,4 | 2016-12-30 | 1
00000508 | 9,10,5 | 2017-01-01 | 1
00000442 | 7,2,13 | 2017-01-01 | 1
00000565 | 1,13,5 | 2016-12-29 | 1
00000826 | 14,10,6 | 2016-12-29 | 1
00000044 | 4,3,14 | 2016-12-29 | 1
00000030 | 10,7,8 | 2016-12-28 | 1
00000173 | 6,9,11 | 2016-12-28 | 1
00000158 | 3,2,15 | 2016-12-28 | 1
00000803 | 10,13,15 | 2016-12-30 | 1
00000048 | 9,5,14 | 2017-01-01 | 1
00000214 | 10,7,5 | 2016-12-29 | 1
00000962 | 6,14,7 | 2016-12-30 | 1
00000807 | 7,6,11 | 2016-12-29 | 1
00000764 | 7,14,8 | 2016-12-30 | 1
00000934 | 1,12,14 | 2016-12-28 | 1
00000236 | 11,8,9 | 2016-12-31 | 1
00000539 | 12,3,14 | 2016-12-27 | 1
00000900 | 9,10,11 | 2016-12-29 | 1
00000975 | 3,6,2 | 2016-12-31 | 1
00000572 | 9,14,3 | 2016-12-27 | 1
00000589 | 6,12,11 | 2016-12-29 | 1
00000680 | 14,7,8 | 2016-12-30 | 1
00000751 | 5,7,9 | 2016-12-29 | 1
00000827 | 7,3,11 | 2016-12-29 | 1
00000817 | 12,2,4 | 2016-12-29 | 1
00000412 | 12,8,5 | 2016-12-27 | 1
00000847 | 9,8,10 | 2016-12-28 | 1
00000824 | 8,13,3 | 2016-12-31 | 1
00000720 | 7,9,6 | 2016-12-29 | 1
00000903 | 5,13,8 | 2016-12-30 | 1
00000695 | 9,4,11 | 2016-12-31 | 1
00000842 | 5,8,15 | 2016-12-29 | 1
00000072 | 5,2,10 | 2016-12-29 | 1
00000789 | 14,8,6 | 2016-12-29 | 1
00000768 | 13,4,1 | 2016-12-30 | 1
00000035 | 15,13,1 | 2017-01-01 | 1
00000697 | 14,8,3 | 2017-01-01 | 1
00000092 | 12,11,1 | 2016-12-30 | 1
00000614 | 10,6,12 | 2016-12-30 | 1
00000870 | 4,1,12 | 2017-01-01 | 1
00000507 | 13,12,5 | 2016-12-27 | 1
00000513 | 6,12,4 | 2016-12-31 | 1
00000873 | 9,10,3 | 2016-12-26 | 1
00000341 | 6,5,10 | 2016-12-30 | 1
00000923 | 13,12,11 | 2016-12-29 | 1
00000305 | 7,14,6 | 2017-01-01 | 1
00000557 | 6,15,11 | 2016-12-27 | 1
00000510 | 10,6,13 | 2016-12-30 | 1
00000058 | 15,7,6 | 2016-12-27 | 1
00000018 | 12,13,6 | 2016-12-28 | 1
00000415 | 10,9,8 | 2016-12-31 | 1
00000263 | 9,10,8 | 2016-12-31 | 1
00000083 | 1,6,3 | 2016-12-30 | 1
00000131 | 15,13,9 | 2017-01-01 | 1
00000797 | 12,7,4 | 2016-12-27 | 1
00000209 | 8,9,2 | 2017-01-01 | 1
00000783 | 8,5,11 | 2016-12-27 | 1
00000519 | 6,11,9 | 2017-01-01 | 1
00000410 | 15,6,2 | 2016-12-27 | 1
00000386 | 2,3,7 | 2016-12-29 | 1
00000624 | 6,14,10 | 2017-01-01 | 1
00000095 | 13,8,3 | 2016-12-31 | 1
00000931 | 1,15,5 | 2016-12-29 | 1
00000374 | 6,11,5 | 2016-12-31 | 1
00000179 | 10,6,8 | 2016-12-26 | 1
00000520 | 6,2,4 | 2016-12-26 | 1
00000512 | 4,11,10 | 2016-12-26 | 1
00000969 | 15,3,2 | 2016-12-28 | 1
00000419 | 2,1,15 | 2016-12-28 | 1
00000002 | 10,6,5 | 2016-12-26 | 1
00000164 | 5,6,2 | 2016-12-30 | 1
00000758 | 5,13,1 | 2016-12-30 | 1
00000330 | 12,5,13 | 2016-12-26 | 1